1
1
1

3
1 1 2
1 2 1

10
1 6 8 6 3 3 1 3 3 5
1 6 3 1 3 8 3 6 3 5

10
7 8 1 3 3 9 4 5 8 3
3 3 5 8 3 4 7 8 1 9

100
85 44 72 90 90 40 1 83 99 87 51 75 40 75 52 51 47 70 54 78 49 31 36 17 93 89 56 3 53 79 8 32 82 36 51 39 91 40 42 10 17 12 67 50 77 29 57 13 8 74 59 4 67 22 60 54 99 32 87 14 45 48 72 9 25 74 94 75 77 62 89 95 53 24 26 53 59 39 13 72 89 96 7 27 56 5 53 25 41 83 11 31 36 56 2 49 45 16 53 90
29 32 57 11 25 56 14 79 25 83 31 90 59 49 53 51 60 53 89 36 51 48 90 54 4 72 31 53 87 9 83 75 8 87 10 49 91 39 26 89 75 78 77 1 44 22 53 45 17 13 2 3 7 40 85 94 75 39 89 74 54 62 72 36 40 56 74 67 32 12 56 90 53 72 42 17 70 45 27 52 13 82 24 99 59 51 77 50 8 41 96 36 99 67 40 16 47 93 5 95
